#    time(ps)        R(t,x=0)       J(t,x=L)
   0.000000E+00   0.138263E+04   0.166223E+01
   0.100000E+01   0.238072E+04   0.921647E+01
   0.200000E+01   0.304714E+04   0.276329E+02
   0.300000E+01   0.351488E+04   0.600789E+02
   0.400000E+01   0.385778E+04   0.106264E+03
   0.500000E+01   0.411753E+04   0.163362E+03
   0.600000E+01   0.431990E+04   0.227661E+03
   0.700000E+01   0.448168E+04   0.295669E+03
   0.800000E+01   0.461412E+04   0.364536E+03
   0.900000E+01   0.472480E+04   0.432152E+03
   0.100000E+02   0.481891E+04   0.497051E+03
   0.110000E+02   0.490002E+04   0.558300E+03
   0.120000E+02   0.497069E+04   0.615376E+03
   0.130000E+02   0.503274E+04   0.668062E+03
   0.140000E+02   0.508756E+04   0.716358E+03
   0.150000E+02   0.513621E+04   0.760403E+03
   0.160000E+02   0.517952E+04   0.800420E+03
   0.170000E+02   0.521819E+04   0.836680E+03
   0.180000E+02   0.525278E+04   0.869471E+03
   0.190000E+02   0.528375E+04   0.899081E+03
   0.200000E+02   0.531152E+04   0.925790E+03
   0.210000E+02   0.533644E+04   0.949864E+03
   0.220000E+02   0.535881E+04   0.971551E+03
   0.230000E+02   0.537891E+04   0.991078E+03
   0.240000E+02   0.539696E+04   0.100865E+04
   0.250000E+02   0.541319E+04   0.102447E+04
   0.260000E+02   0.542777E+04   0.103871E+04
   0.270000E+02   0.544088E+04   0.105151E+04
   0.280000E+02   0.545267E+04   0.106303E+04
   0.290000E+02   0.546326E+04   0.107339E+04
   0.300000E+02   0.547279E+04   0.108271E+04
   0.310000E+02   0.548136E+04   0.109109E+04
   0.320000E+02   0.548906E+04   0.109863E+04
   0.330000E+02   0.549599E+04   0.110541E+04
   0.340000E+02   0.550222E+04   0.111150E+04
   0.350000E+02   0.550782E+04   0.111699E+04
   0.360000E+02   0.551286E+04   0.112192E+04
   0.370000E+02   0.551739E+04   0.112635E+04
   0.380000E+02   0.552147E+04   0.113034E+04
   0.390000E+02   0.552513E+04   0.113393E+04
   0.400000E+02   0.552843E+04   0.113715E+04
   0.410000E+02   0.553139E+04   0.114005E+04
   0.420000E+02   0.553405E+04   0.114266E+04
   0.430000E+02   0.553645E+04   0.114501E+04
   0.440000E+02   0.553861E+04   0.114711E+04
   0.450000E+02   0.554054E+04   0.114901E+04
   0.460000E+02   0.554229E+04   0.115072E+04
   0.470000E+02   0.554385E+04   0.115225E+04
   0.480000E+02   0.554526E+04   0.115363E+04
   0.490000E+02   0.554653E+04   0.115487E+04
   0.500000E+02   0.554767E+04   0.115599E+04
   0.510000E+02   0.554870E+04   0.115699E+04
   0.520000E+02   0.554962E+04   0.115789E+04
   0.530000E+02   0.555045E+04   0.115871E+04
   0.540000E+02   0.555119E+04   0.115944E+04
   0.550000E+02   0.555186E+04   0.116009E+04
   0.560000E+02   0.555247E+04   0.116068E+04
   0.570000E+02   0.555301E+04   0.116121E+04
   0.580000E+02   0.555350E+04   0.116169E+04
   0.590000E+02   0.555393E+04   0.116212E+04
   0.600000E+02   0.555433E+04   0.116251E+04
   0.610000E+02   0.555468E+04   0.116285E+04
   0.620000E+02   0.555500E+04   0.116317E+04
   0.630000E+02   0.555529E+04   0.116345E+04
   0.640000E+02   0.555555E+04   0.116370E+04
   0.650000E+02   0.555578E+04   0.116393E+04
   0.660000E+02   0.555599E+04   0.116413E+04
   0.670000E+02   0.555618E+04   0.116431E+04
   0.680000E+02   0.555634E+04   0.116448E+04
   0.690000E+02   0.555650E+04   0.116463E+04
   0.700000E+02   0.555663E+04   0.116476E+04
   0.710000E+02   0.555675E+04   0.116488E+04
   0.720000E+02   0.555687E+04   0.116499E+04
   0.730000E+02   0.555696E+04   0.116509E+04
   0.740000E+02   0.555705E+04   0.116517E+04
   0.750000E+02   0.555713E+04   0.116525E+04
   0.760000E+02   0.555721E+04   0.116532E+04
   0.770000E+02   0.555727E+04   0.116539E+04
   0.780000E+02   0.555733E+04   0.116544E+04
   0.790000E+02   0.555738E+04   0.116549E+04
   0.800000E+02   0.555743E+04   0.116554E+04
   0.810000E+02   0.555747E+04   0.116558E+04
   0.820000E+02   0.555751E+04   0.116562E+04
   0.830000E+02   0.555754E+04   0.116565E+04
   0.840000E+02   0.555757E+04   0.116568E+04
   0.850000E+02   0.555760E+04   0.116571E+04
   0.860000E+02   0.555763E+04   0.116574E+04
   0.870000E+02   0.555765E+04   0.116576E+04
   0.880000E+02   0.555767E+04   0.116578E+04
   0.890000E+02   0.555769E+04   0.116580E+04
   0.900000E+02   0.555770E+04   0.116581E+04
   0.910000E+02   0.555772E+04   0.116583E+04
   0.920000E+02   0.555773E+04   0.116584E+04
   0.930000E+02   0.555774E+04   0.116585E+04
   0.940000E+02   0.555776E+04   0.116586E+04
   0.950000E+02   0.555776E+04   0.116587E+04
   0.960000E+02   0.555777E+04   0.116588E+04
   0.970000E+02   0.555778E+04   0.116589E+04
   0.980000E+02   0.555779E+04   0.116589E+04
   0.990000E+02   0.555779E+04   0.116590E+04
   0.100000E+03   0.555780E+04   0.116590E+04
   0.101000E+03   0.555781E+04   0.116591E+04
   0.102000E+03   0.555781E+04   0.116591E+04
   0.103000E+03   0.555781E+04   0.116592E+04
   0.104000E+03   0.555782E+04   0.116592E+04
   0.105000E+03   0.555782E+04   0.116592E+04
   0.106000E+03   0.555782E+04   0.116593E+04
   0.107000E+03   0.555783E+04   0.116593E+04
   0.108000E+03   0.555783E+04   0.116593E+04
   0.109000E+03   0.555783E+04   0.116593E+04
   0.110000E+03   0.555783E+04   0.116594E+04
   0.111000E+03   0.555783E+04   0.116594E+04
   0.112000E+03   0.555784E+04   0.116594E+04
   0.113000E+03   0.555784E+04   0.116594E+04
   0.114000E+03   0.555784E+04   0.116594E+04
   0.115000E+03   0.555784E+04   0.116594E+04
   0.116000E+03   0.555784E+04   0.116594E+04
   0.117000E+03   0.555784E+04   0.116595E+04
   0.118000E+03   0.555784E+04   0.116595E+04
   0.119000E+03   0.555784E+04   0.116595E+04
   0.120000E+03   0.555784E+04   0.116595E+04
   0.121000E+03   0.555785E+04   0.116595E+04
   0.122000E+03   0.555785E+04   0.116595E+04
   0.123000E+03   0.555785E+04   0.116595E+04
   0.124000E+03   0.555785E+04   0.116595E+04
   0.125000E+03   0.555785E+04   0.116595E+04
   0.126000E+03   0.555785E+04   0.116595E+04
   0.127000E+03   0.555785E+04   0.116595E+04
   0.128000E+03   0.555785E+04   0.116595E+04
   0.129000E+03   0.555785E+04   0.116595E+04
   0.130000E+03   0.555785E+04   0.116595E+04
   0.131000E+03   0.555785E+04   0.116595E+04
   0.132000E+03   0.555785E+04   0.116595E+04
   0.133000E+03   0.555785E+04   0.116595E+04
   0.134000E+03   0.555785E+04   0.116595E+04
   0.135000E+03   0.555785E+04   0.116595E+04
   0.136000E+03   0.555785E+04   0.116595E+04
   0.137000E+03   0.555785E+04   0.116595E+04
   0.138000E+03   0.555785E+04   0.116595E+04
   0.139000E+03   0.555785E+04   0.116595E+04
   0.140000E+03   0.555785E+04   0.116595E+04
   0.141000E+03   0.555785E+04   0.116595E+04
   0.142000E+03   0.555785E+04   0.116595E+04
   0.143000E+03   0.555785E+04   0.116595E+04
   0.144000E+03   0.555785E+04   0.116595E+04
   0.145000E+03   0.555785E+04   0.116595E+04
   0.146000E+03   0.555785E+04   0.116595E+04
   0.147000E+03   0.555785E+04   0.116595E+04
   0.148000E+03   0.555785E+04   0.116595E+04
   0.149000E+03   0.555785E+04   0.116595E+04
   0.150000E+03   0.555785E+04   0.116595E+04
   0.151000E+03   0.555785E+04   0.116595E+04
   0.152000E+03   0.555785E+04   0.116595E+04
   0.153000E+03   0.555785E+04   0.116595E+04
   0.154000E+03   0.555785E+04   0.116595E+04
   0.155000E+03   0.555785E+04   0.116595E+04
   0.156000E+03   0.555785E+04   0.116595E+04
   0.157000E+03   0.555785E+04   0.116595E+04
   0.158000E+03   0.555785E+04   0.116595E+04
   0.159000E+03   0.555785E+04   0.116595E+04
   0.160000E+03   0.555785E+04   0.116595E+04
   0.161000E+03   0.555785E+04   0.116595E+04
   0.162000E+03   0.555785E+04   0.116595E+04
   0.163000E+03   0.555785E+04   0.116595E+04
   0.164000E+03   0.555785E+04   0.116595E+04
   0.165000E+03   0.555785E+04   0.116595E+04
   0.166000E+03   0.555785E+04   0.116595E+04
   0.167000E+03   0.555785E+04   0.116595E+04
   0.168000E+03   0.555785E+04   0.116595E+04
   0.169000E+03   0.555785E+04   0.116595E+04
   0.170000E+03   0.555785E+04   0.116595E+04
   0.171000E+03   0.555785E+04   0.116595E+04
   0.172000E+03   0.555785E+04   0.116595E+04
   0.173000E+03   0.555785E+04   0.116595E+04
   0.174000E+03   0.555785E+04   0.116595E+04
   0.175000E+03   0.555785E+04   0.116595E+04
   0.176000E+03   0.555785E+04   0.116595E+04
   0.177000E+03   0.555785E+04   0.116595E+04
   0.178000E+03   0.555785E+04   0.116595E+04
   0.179000E+03   0.555785E+04   0.116595E+04
   0.180000E+03   0.555785E+04   0.116595E+04
   0.181000E+03   0.555785E+04   0.116595E+04
   0.182000E+03   0.555785E+04   0.116595E+04
   0.183000E+03   0.555785E+04   0.116595E+04
   0.184000E+03   0.555785E+04   0.116595E+04
   0.185000E+03   0.555785E+04   0.116595E+04
   0.186000E+03   0.555785E+04   0.116595E+04
   0.187000E+03   0.555785E+04   0.116595E+04
   0.188000E+03   0.555785E+04   0.116595E+04
   0.189000E+03   0.555785E+04   0.116595E+04
   0.190000E+03   0.555785E+04   0.116595E+04
   0.191000E+03   0.555785E+04   0.116595E+04
   0.192000E+03   0.555785E+04   0.116595E+04
   0.193000E+03   0.555785E+04   0.116595E+04
   0.194000E+03   0.555785E+04   0.116595E+04
   0.195000E+03   0.555785E+04   0.116595E+04
   0.196000E+03   0.555785E+04   0.116595E+04
   0.197000E+03   0.555785E+04   0.116595E+04
   0.198000E+03   0.555785E+04   0.116595E+04
   0.199000E+03   0.555785E+04   0.116595E+04
